initial: 6
0.717578 0.002408 0.092641 0.187374 0.000000 0.000000 

transition: 6
0.296075 0.007045 0.507216 0.000114 0.000000 0.189550 
0.198715 0.200820 0.600075 0.000000 0.000381 0.000009 
0.002392 0.495629 0.202756 0.299222 0.000000 0.000000 
0.000000 0.201294 0.002848 0.596318 0.000000 0.199539 
0.107451 0.000000 0.000000 0.000000 0.499650 0.392899 
0.000022 0.393835 0.000000 0.000000 0.304415 0.301728 

observation: 6
0.696036 0.498328 0.302633 0.099875 0.000000 0.097332 
0.001089 0.000086 0.398204 0.098540 0.103283 0.096951 
0.302875 0.000048 0.200413 0.196246 0.097420 0.302357 
0.000000 0.501538 0.098735 0.000000 0.000189 0.404121 
0.000000 0.000000 0.000015 0.605340 0.002631 0.099239 
0.000000 0.000000 0.000000 0.000000 0.796476 0.000000 
