initial: 6
0.507441 0.492559 0.000000 0.000000 0.000000 0.000000 

transition: 6
0.291866 0.508639 0.006121 0.193349 0.000000 0.000026 
0.000089 0.502330 0.199054 0.000000 0.000000 0.298527 
0.003794 0.000054 0.201152 0.788268 0.000000 0.006732 
0.000202 0.000315 0.004456 0.282869 0.512286 0.199870 
0.000000 0.000000 0.000000 0.000000 0.500778 0.499222 
0.598309 0.000000 0.206460 0.195231 0.000000 0.000000 

observation: 6
0.000315 0.299709 0.000997 0.100087 0.298790 0.098426 
0.099900 0.396522 0.000000 0.101406 0.000000 0.100608 
0.404352 0.199995 0.490712 0.295956 0.302276 0.000000 
0.495433 0.103774 0.506960 0.402596 0.000000 0.000000 
0.000000 0.000000 0.001332 0.099955 0.000000 0.800966 
0.000000 0.000000 0.000000 0.000000 0.398934 0.000000 
