initial: 6
0.719459 0.000462 0.091817 0.188263 0.000000 0.000000 

transition: 6
0.308993 0.000319 0.494160 0.000003 0.000000 0.196526 
0.001124 0.199636 0.799174 0.000067 0.000000 0.000000 
0.000029 0.498708 0.202188 0.299074 0.000000 0.000000 
0.000000 0.201664 0.000021 0.597979 0.000000 0.200335 
0.104950 0.000000 0.000000 0.000000 0.496448 0.398602 
0.000000 0.393627 0.000000 0.000000 0.300218 0.306154 

observation: 6
0.995508 0.498849 0.297583 0.098483 0.000022 0.098934 
0.002473 0.000000 0.399418 0.099792 0.104198 0.097498 
0.002019 0.001549 0.201245 0.801725 0.090541 0.308628 
0.000000 0.499514 0.101720 0.000000 0.002787 0.396026 
0.000000 0.000088 0.000034 0.000000 0.001945 0.098914 
0.000000 0.000000 0.000000 0.000000 0.800507 0.000000 
