initial: 6
0.001638 0.101757 0.096936 0.210576 0.000000 0.589093 

transition: 6
0.202549 0.200761 0.596399 0.000000 0.000291 0.000000 
0.004879 0.287545 0.517514 0.000000 0.000063 0.189999 
0.495700 0.005275 0.198181 0.300845 0.000000 0.000000 
0.200677 0.000001 0.001039 0.598809 0.000000 0.199474 
0.000000 0.101551 0.000000 0.000000 0.501851 0.396598 
0.397839 0.000000 0.000000 0.000000 0.302522 0.299640 

observation: 6
0.495583 0.701158 0.302987 0.100465 0.000000 0.099114 
0.001498 0.000345 0.398347 0.099491 0.103261 0.095937 
0.000000 0.298485 0.200442 0.196482 0.097996 0.301879 
0.502918 0.000011 0.098178 0.000000 0.002506 0.402073 
0.000000 0.000000 0.000047 0.603562 0.001967 0.100998 
0.000000 0.000000 0.000000 0.000000 0.794271 0.000000 
